4.659833760799799 3.4363619496948736 
8.693042174471389 11.582794052352753 
10.736209908747439 9.67988698683881 
9.52346374230268 7.2720103407069026 
12.037793815407738 11.546735516313573 
-0.25427484808354556 1.575142283832546 
9.138090161334437 10.25609793679366 
-1.682033013480838 2.056848547353666 
6.62557055134652 2.2494635171066286 
0.5967277943085831 5.212394113946575 
7.141395435775023 1.6657684558950856 
9.507569366934316 9.45376428469876 
9.71286685642059 9.340006711224513 
10.366136732916269 9.575514495962732 
9.957190201537385 10.985636495024881 
9.787765432114636 10.95985496916868 
0.47495084160523415 5.075553836622113 
6.45313775703088 2.899154829766277 
9.51493111358013 9.672604103803495 
-1.088735332048532 1.2259502214944544 
6.584039640894879 0.11816914749160867 
7.349443064971098 4.4321647391252 
-3.5362628206344446 2.9235327924777383 
5.022000890579354 2.839899202452561 
5.940304110149767 1.5796316806497035 
5.874871215028795 1.7934499396518704 
5.416180219425595 3.379213655555707 
11.598134637854471 10.387456016533932 
11.306574341735947 9.917748953268925 
9.590708306156927 9.097260399910787 
1.5804081938622137 4.646748856157906 
7.042681198746578 2.401623431919485 
5.580590026696562 1.8988968520474652 
5.851328964101348 4.216470655591942 
6.400016161079405 8.86749238311395 
-0.7280361820982755 5.014654877003103 
9.871632964445253 9.932428748772216 
5.235597044043887 3.416163241159929 
9.292054617351312 9.552003755094802 
-0.131323100449887 3.030645458388359 
10.543700080368854 9.774500054469208 
9.856215640894241 11.187030921713644 
1.1825476858769208 5.436210163101154 
10.969494039951712 8.853458116597174 
9.605865331486154 10.37456587254793 
6.570721978860259 3.2141547608012035 
1.3526515694291936 2.887819685278684 
6.729494341869682 2.9375082082407427 
10.541859766866295 10.431096726473665 
10.554555509457618 9.365820816436177 
7.361182248676192 1.035645820923683 
9.343825190946818 9.795832843548252 
5.108962538399016 0.8993583856624139 
-2.7886023376245053 0.5857467339573201 
7.640841182885566 3.2251374745385206 
5.9483771202168105 2.020544155188734 
8.806058178662123 11.501502211508056 
1.2364853974468502 3.2551978215544257 
9.395114948674646 11.098883510413458 
6.402493777786684 2.540541897813804 
10.00665946073485 8.859999161980793 
5.975980537116148 1.5356568658887413 
-2.637203947604546 1.9990771173007063 
5.868056234946045 2.2139504751711123 
5.577085739277408 -0.1311473366054905 
9.627024671364511 9.328046240710144 
-0.38216875574481235 2.690196650739008 
4.868785206038737 1.3007249617179029 
6.8725271225783935 2.867912174920267 
7.779047382478847 11.030896094147025 
1.4080400081755895 3.069615930839471 
8.87585846255621 8.398556753904696 
9.623181992454686 10.325834368762282 
10.244481193962056 10.841881559253258 
4.321103438179998 -0.5907814896704684 
12.161093577142807 10.028300812525966 
9.841292816135313 10.10406198514538 
6.740668233718857 2.577326509048719 
6.454845857121189 1.4824537427401807 
1.653900474244538 5.772412983433363 
8.650255674697961 8.1880047146181 
6.950730410920443 3.883822420547848 
8.252348120629756 9.716549797912581 
6.689732654859274 8.937756472822702 
9.268379567818846 9.714719240583017 
5.547721169831661 3.395630697350869 
0.8333787166983627 3.017841092488197 
5.58872646188274 4.430712106274538 
6.056517846242814 -0.04859491716633091 
-2.2949129490494555 6.7313146472755925 
5.315793744978557 3.1896373054958596 
10.238739946222449 11.483522243099701 
10.540596874227159 7.761096723298841 
9.296901838095703 11.837471442151628 
6.867010076083278 1.9093522674849897 
10.517030952086749 10.462750182395444 
9.53483681049034 10.290236613020797 
8.927476390334707 9.894243873784067 
1.9953273604223136 3.197930703651071 
10.417433801707379 11.132515203520272 
5.933286799309983 1.7115145386302393 
6.197153343671718 2.9897636193676913 
9.518570074537813 10.228474643374767 
-1.9936716177532159 1.4397560923225416 
7.245120535205801 2.1481467318844807 
6.044022512173168 4.230737458430898 
5.405859559949083 3.218318654877927 
6.758794332621972 4.848139811484721 
-1.7927569617000398 4.002707681270374 
9.019261828019788 8.037112210197996 
10.665922745457724 10.435511477388628 
6.680547021674377 5.20559729299189 
7.708734768743642 0.8271720912759921 
9.9077763884883 8.49221943437733 
9.34923120494111 8.53163056720014 
-0.5936076831590633 3.604935720123485 
6.364533312122688 5.69854924554634 
7.8325879268427485 3.34926148416773 
-3.236904327739505 1.8648785664618335 
5.866341463999728 4.55131685049021 
0.8347398657428122 -0.26336548007003113 
5.863043195663692 4.540295969677386 
8.16477606751029 4.326069165516801 
8.50238783416179 9.364563149757688 
6.075219556049953 2.7703483467086247 
7.256983574766018 0.3223471115088894 
10.121539164147189 11.791756009324354 
8.42536829144156 9.278311237550843 
10.424040985821453 8.86409336063825 
5.082196496722574 1.411377674436027 
7.384188148284075 3.5499646090342396 
10.55570525229024 10.925282524951648 
0.021112251411625534 5.443744359541302 
4.181355407683056 4.491296505925581 
9.083081001053923 8.798399970459743 
9.523640702487732 9.967397501390371 
1.2983714058247522 4.14169192333569 
11.013923567225715 9.69329327485474 
0.42814998049831254 6.686413352222325 
10.807672653067012 9.945430255556948 
6.955988523317913 4.437774335894373 
10.007795356030734 10.198983976911883 
10.26401406748079 10.608955751594165 
4.187790880433713 -0.0491482355985573 
6.947949800735914 4.190074754935036 
5.85938418691473 1.6438212217705381 
-1.550116656692393 3.1548347689915657 
6.206176291681603 3.157866178179421 
5.461770797276197 4.5387945762356265 
10.828536838202478 9.926089402919958 
6.0869033542550905 3.797907955974552 
-1.1120719801630508 3.858911435095569 
5.979557519087198 3.341372315055372 
7.299484059846477 2.359484563146315 
5.0121256418723865 4.0929910140800345 
11.99463106848158 11.168618180680662 
6.701979116400592 4.27543568609475 
5.347158510006026 1.7299225302083323 
10.07942730636142 10.43175316993656 
10.702064629802381 10.630626014732641 
8.44194290791491 9.137833917859735 
6.53784420699083 1.8022850542334523 
9.80815053969347 11.615494841533211 
-0.8583489233634474 3.778702509235427 
10.635747869469434 10.210849092590527 
7.272842088300161 1.4908185994166416 
7.670433462043373 4.1721966536304596 
10.791299884131318 8.678008163189158 
11.390077174311081 9.237287130028157 
9.126681250202969 8.378079571362557 
-1.616356629471132 4.449213635171658 
5.214220166536895 5.285520700136807 
5.626748720775685 3.5566880644088568 
5.235351014830816 2.11088798546524 
6.0146172995040414 2.6681489651580894 
9.540465457860439 9.411570849600553 
12.429407881283932 10.278932822846146 
9.588959144527388 9.311447890773605 
10.96611486372014 9.431007549925845 
10.062802970755214 10.761865646211273 
10.018244490283422 9.85062049438545 
10.617966233988534 10.336082374856185 
6.246891817706738 2.816602676261415 
2.1703495555499637 1.7571360468695056 
5.387579856984386 3.478521072331473 
9.980675168169531 9.553947739020709 
10.128240409384585 11.560692307938158 
5.2802087814478185 3.8649925580801834 
10.033646910392475 8.439060559899598 
9.574085414154156 11.006772334584907 
9.34313502829368 10.962964460590072 
5.42327676720422 2.955000589211268 
5.5133058177909655 2.1605949443982584 
8.651714659075381 8.271038951113528 
6.302741896040623 4.323151199859124 
10.426980303272153 9.068228529446552 
4.992142378163828 2.953322246452829 
-3.9739127465051887 2.801280248730755 
-2.070001021210179 4.148854889372425 
6.582349648462739 2.769005223150132 
6.105005201264672 1.649789341952884 
6.869382087431425 3.0207560242288642 
4.122098320560508 1.967277195803256 
1.7099101256587754 0.7980610161965349 
9.870880571631583 9.532504330205684 
4.81656112362023 2.557093267479969 
9.138133999764975 9.063229494533324 
6.81125290462317 0.7738761490327599 
3.5917820348796083 0.19862283282946835 
5.388146790771409 0.6300261494325721 
4.683336916313135 3.918980403163528 
2.033166380379631 0.4988723989720496 
6.879446302396169 3.30747092179045 
3.1808669656258317 2.1631013962393073 
10.350573809440093 10.276534784794565 
8.494006211777565 10.987874193442327 
10.88595934170972 8.802910166286011 
1.5646541723249099 8.328106341533818 
9.541361201961303 10.630286859242894 
6.540050088211926 5.628347129761888 
6.272321082131701 2.882572207930774 
6.657505420714434 5.879182636625815 
5.206913098125553 4.164823466977791 
7.478335862793324 3.6581874790025077 
5.439085966183192 1.0363040880765517 
11.117718719099317 11.882617814587729 
6.262163597731356 5.190227918242882 
10.371038426252316 10.183378084370743 
12.67954220157178 9.851033370126007 
0.33488244001750583 6.051853489126204 
5.7086897274106505 4.1637671082138725 
8.73843051038174 9.06936542753982 
-0.8085619719090431 4.9255814265445705 
9.834956180894029 9.408425128041824 
-1.515444777121288 3.3690376892255314 
9.900407729042767 9.278939625985377 
8.55506165321024 8.12538077499238 
10.381800231807357 12.376808202705236 
10.910756907730848 11.22988217007081 
5.86738820957651 0.5841670029765487 
5.672912265130155 3.0695295137790826 
6.795352445400782 0.9766387689198797 
-3.3329177776422982 3.3496972100225424 
6.121829133915909 3.911658293981205 
5.881497797054544 3.5767326160222033 
6.375684041593354 1.5563586303096288 
11.814485251386568 8.409759542216666 
-1.2553988382517565 -0.262601123564858 
11.349377380342103 10.93867041586567 
5.070610614258204 0.7788233088167971 
6.161969116487642 1.567457322710486 
10.124392197442042 9.017851300099032 
9.516039840308835 11.776951654851608 
5.5009993241059 5.964507630226603 
5.360021024323889 1.6414667781104595 
10.741617383414377 9.407229193497885 
9.41939168353066 10.602521127154576 
9.431159684692524 8.992343112153742 
3.490930464356874 4.585792849054192 
5.70662749981341 1.2872776272162318 
-0.44179258749351136 1.809408512455657 
10.112566630215127 8.805736862205599 
4.48178003101071 8.280964144467934 
7.667885992594858 3.2691454274058596 
5.831685646413977E-4 3.3510456956269796 
6.926641361239273 9.212083104412551 
-2.778934700937358 2.7022892286531377 
6.962522214455662 3.6236085401728304 
5.714980869969131 4.915824834557082 
1.235718105412254 5.754059407914555 
6.322351172340428 1.646943767657598 
9.572263963398907 10.334444622119793 
-0.9641717225440202 4.352626333028322 
10.271483147137516 9.419282138160773 
5.488813128913253 4.474442690359285 
10.106314993735117 10.47485720732036 
7.543596714500846 4.011613614334447 
6.275863875585683 0.25207443245717 
10.277189138105127 9.2711386415994 
-0.3951421313685466 5.716067891036519 
9.492142206218785 11.08476169097344 
10.671297909499229 11.714566046720265 
2.5468446211375677 3.60921268708829 
4.987267639281088 6.445984035587012 
6.103463034859794 5.268855580083283 
5.232144672611702 1.985390422424354 
-1.7501303054016197 3.8561711133563246 
6.422206114897909 7.122553124138727 
1.9942105421334444 2.3588106494389907 
2.3161510305972413 3.3733875994171854 
0.4421321820414972 4.102055213734929 
-1.7227468528663032 4.327265841247905 
5.893904043650726 4.247357105361081 
6.8449643847841735 2.793216121451945 
1.7462755523587992 6.528131023942262 
8.661274185119595 9.002615412763792 
9.304138908069291 9.765272078670723 
0.836269360118879 3.408253349067982 
9.690492781868826 9.304330035044124 
4.205673528008323 5.210105638532937 
10.785815791289753 9.836437808267608 
9.22660903268687 9.117315794306334 
6.769343442695511 4.6452313879500755 
7.6059232857889425 3.2906612173405727 
0.7397901467876612 7.311637786574245 
6.088075608566745 4.107409382176859 
9.08019764100418 10.51231518036257 
-1.0447395273153601 4.873033859848439 
9.006631213817867 9.504477712084606 
6.41979085499099 4.0140119473263995 
7.993558896265474 0.26778380795400114 
6.207488836076862 5.964621115870097 
9.350871935832732 8.700409129713705 
9.058700446511471 12.347071969192355 
3.9988904596715233 -0.11589180901267859 
10.909331395521058 7.605897729790244 
5.65810035999889 1.483840394819665 
-1.9813079065978705 3.647739986353621 
4.880307170419534 3.497148563976689 
8.902537349369712 11.027848338229651 
9.774392858497457 9.502324923565332 
5.560753398618651 2.340610160760189 
9.579275992099499 9.526195520166853 
5.427528352142209 3.6489576122908916 
9.611250216884827 9.613681040155287 
-0.835373664652639 3.0680145414614426 
10.148859568874956 9.976343189211283 
-1.360106853640521 4.632334226844938 
0.4686383833579265 4.4199704616101325 
6.933997309428571 2.1488329783549935 
5.184352642040471 1.0134923676260752 
10.5957562547514 9.411617653456526 
9.97016354730776 10.58532480872859 
4.544905363566695 3.3548279482081003 
9.879257654199087 10.257106500001221 
-2.30141485776217 5.193040420694845 
10.032091245714655 9.328601617825147 
5.513676748436665 4.053421507626824 
5.397582443468451 2.75149387858919 
9.941668419609357 10.098875084621822 
5.614292958791906 4.18499741213756 
6.38588483715352 4.838336784728631 
-1.1797005488283763 4.764110708010255 
7.486918772278967 3.0380868986450267 
5.184540226557507 3.150687752683621 
4.749426544140626 2.0243305854725735 
0.8742394552071431 0.6063396176330311 
6.691100310130404 2.9331358766103737 
7.310247363882742 0.47465787068044074 
6.499137677638052 5.902247874124451 
4.960031213830255 1.8442263964304693 
8.493967493671185 12.401699454006307 
11.469795559330937 11.382239473322874 
8.978440419319428 13.894836558600295 
9.199982162034955 8.340422738239221 
6.219767761204658 4.632605697693645 
6.046053312978472 4.3342907154482475 
5.141611793753226 5.550670604359112 
5.522334316851949 2.348309847719976 
6.4128514180307965 5.650117623715842 
5.60926163854976 -0.16076234151595425 
6.625843343895335 7.224787689828165 
10.788728693326169 9.181697993470559 
5.647568645507702 3.8270171603422964 
-0.1193311253075622 3.13350049617723 
0.08229217727356394 1.9093026955777574 
-1.1551210059757826 3.0808769723474327 
5.610106938514561 2.444325016308577 
5.872617250230449 2.5192386723410323 
5.773330658787248 4.277022137640233 
9.855037575457915 9.044843538536165 
8.798958989554222 9.604665920173451 
8.164914456565423 1.9591280167115108 
11.649305507118138 10.759159243102125 
5.671264154211889 3.165880394656238 
10.9281509389578 9.909740950940527 
5.8935690897400965 0.3448889764741674 
5.097870174117343 3.8653250960380543 
5.151118994816784 3.5977019716148266 
5.460617198997149 4.8935806647214175 
11.028271703772864 10.479413042895429 
3.6158554361840314 2.9870616996176755 
10.69145252039546 9.897085063992256 
10.252748365393115 8.59614644172393 
10.39863649444123 10.623291579875072 
6.613756300704811 2.8190841791200354 
7.044663854958275 5.119258886121966 
5.551429491742168 2.0275847277282297 
4.1758068154604535 3.5616154781271954 
9.96047610267521 9.384194156325975 
-1.616658105074913 0.7562159377269211 
4.3959898026551505 1.0512598386808567 
9.500992616660447 9.816081194526502 
9.145688633936572 9.749187442976764 
-0.5504419517822754 3.058066099976788 
-0.6352612168401919 3.834959121882804 
5.776719827667302 -0.9683986502442732 
-0.3261322058879755 4.088492233969588 
9.521958005265875 10.527784119864197 
-0.809452165666572 3.6048911163867814 
11.525607151327968 7.394522391336426 
7.986153342044996 1.1924030173203215 
4.128549005945316 5.106046738641588 
6.191475342004714 1.8733056044826892 
4.137456885895203 1.0996532703068902 
-0.6916933345374305 1.4695081256821165 
4.8660236166550614 6.126763643823789 
6.351302950039883 3.3867961161422815 
9.393450937787293 9.85734218193426 
6.371901868072359 1.780166368183639 
9.297841942162092 9.406237471979521 
10.057529792258697 11.247488761519689 
11.580518964666851 10.585576225584829 
6.33552637038531 1.7001877044843683 
10.720331065625446 10.039306734342453 
-0.5116836577266396 6.314775825722821 
6.758309369167458 2.3317046451850207 
2.068522725409103 1.1027605572172146 
5.85063641166818 1.7405552558878137 
6.909834134337888 3.5292451219879335 
10.155218396148516 9.737322854122926 
6.996536149090586 2.7670860233973014 
6.415712945316269 1.4875220191018284 
5.3914547287615004 2.93114542868826 
4.6155432244766645 2.5962297508305516 
8.487465003527886 9.397142514239802 
6.261754204435681 2.9616261774046397 
5.806465535256632 3.7647365895939977 
8.450609362333665 3.5979574552202176 
7.221114672754247 3.952774390097998 
10.803220911385436 11.229502324997386 
-2.647089581631148 5.661940350086064 
8.962877516851108 7.785193263604496 
11.544731251940933 10.148326341113242 
8.901486800869021 10.630232928379701 
5.624055838270184 2.045112554024487 
5.323425866123271 2.8070230645391394 
9.082266777594539 10.29664112236877 
4.725780663417973 0.7654522871282485 
-2.4377135698235493 1.8904426314626597 
8.150714313756215 9.665684345808556 
9.82656516769536 11.076725585288278 
10.493280355881303 10.931029770013204 
5.64440859131139 3.2051545892334183 
5.599473510620553 1.75515098871373 
5.485208188369415 2.397869335644486 
-1.2184853691316155 2.0975688524899763 
-1.6587582568473187 5.12178873342426 
5.88417653181074 4.886803914279515 
6.019061343794357 5.005366204595544 
3.075410357167768 6.807296279182589 
8.201215242738552 9.157655227646156 
7.216995116104377 1.225366814515232 
4.278376356935588 6.857121667686177 
9.18377083128467 8.646726953435135 
8.739258261186375 10.613512305824022 
9.156846243921356 10.622289974392384 
4.834023010418729 1.7670513690506942 
7.518102342349791 4.517016191837238 
5.77751617011503 2.8534815157045363 
-0.22224369162090082 3.8516853407206546 
8.405427941033029 10.37754753523568 
-0.7806073335708176 4.009566510549979 
8.14580833081106 7.825590177862701 
4.847684772995985 2.7890851056636863 
9.869934802452622 10.79481319496991 
12.245497722220055 9.49113569995484 
10.639495371404806 10.258786865131842 
6.291343314338798 3.614468856978598 
9.666397956664678 10.816433970290925 
2.9700860624696506 3.2790225377414712 
11.58566230077921 9.167211403184888 
9.456733059819356 10.58759109693155 
4.964218094073873 3.9808289206857626 
5.014155313534419 1.892439806441096 
9.599062239107887 9.90529151494155 
9.877951382844373 10.07995508164599 
4.9390853098016745 1.0161296970563618 
9.336400096110069 10.209823909642065 
10.201748873590816 9.276836816800474 
6.501132978370273 4.251917077902206 
10.940734021819507 9.689255356248323 
10.852552380098498 9.351229986366905 
11.683722456172086 10.16755277948696 
10.508457975708078 10.433405691345648 
10.684071368215186 9.086766510402338 
3.354576141651283 -0.5753257237128775 
8.563273926427202 10.816854314483976 
1.8324775198090943 1.7615579478072605 
7.358933769991928 0.3694643015054502 
9.065820747554259 10.610249086291939 
4.880920302282567 2.91835212617793 
11.010405901891984 9.565789142855383 
-1.4366649977163246 5.507875406620304 
5.686852394229085 2.4602859127550216 
7.750658564873758 5.762751538276987 
7.635252599316013 0.6271745199958625 
4.547733494006044 5.128946783829882 
-2.9857035802611844 3.202621527766399 
6.233307750458687 2.26448614999344 
